|6.6.6
semprich_basalt_1.tab
1
T(K)
200.00000000000011
200.00000000000011
960268656
13
T(K) P(bar) Pl Pl Sp Cpx Cpx Opx Gt ky qtz coes O
923.150 5000.00 65.5700 NaN NaN 10.5168 NaN 15.2279 NaN NaN NaN NaN 8.68535
925.170 5202.02 65.5192 NaN NaN 10.5544 NaN 15.2641 NaN NaN NaN NaN 8.66235
927.190 5404.04 65.4661 NaN NaN 10.5939 NaN 15.3016 NaN NaN NaN NaN 8.63828
929.211 5606.06 65.4101 NaN NaN 10.6357 NaN 15.3416 NaN NaN NaN NaN 8.61263
931.231 5808.08 65.3515 NaN NaN 10.6794 NaN 15.3832 NaN NaN NaN NaN 8.58583
933.251 6010.10 65.2892 NaN NaN 10.7261 NaN 15.4276 NaN NaN NaN NaN 8.55712
935.271 6212.12 65.2255 NaN NaN 10.7738 NaN 15.4730 NaN NaN NaN NaN 8.52776
937.291 6414.14 65.1585 NaN NaN 10.8240 NaN 15.5207 NaN NaN NaN NaN 8.49678
939.312 6616.16 65.0871 NaN NaN 10.8775 NaN 15.5719 NaN NaN NaN NaN 8.46348
941.332 6818.18 65.0102 NaN NaN 10.9352 NaN 15.6271 NaN NaN NaN NaN 8.42755
943.352 7020.20 64.9271 NaN NaN 10.9978 NaN 15.6866 NaN NaN NaN NaN 8.38853
945.372 7222.22 63.9905 NaN NaN 11.5781 NaN 15.3870 1.14018 NaN NaN NaN 7.90428
947.392 7424.24 51.7546 NaN 1.47978 19.6667 NaN 14.6621 12.4368 NaN NaN NaN NaN
949.413 7626.26 49.2713 NaN 0.255841 20.6944 NaN 10.1822 19.5962 NaN NaN NaN NaN
951.433 7828.28 48.7504 NaN NaN 20.9009 NaN 9.21631 21.1325 NaN NaN NaN NaN
953.453 8030.30 48.7482 NaN NaN 20.8966 NaN 9.18014 21.1751 NaN NaN NaN NaN
955.473 8232.32 48.7460 NaN NaN 20.8927 NaN 9.14482 21.2165 NaN NaN NaN NaN
957.493 8434.34 48.7437 NaN NaN 20.8895 NaN 9.11147 21.2554 NaN NaN NaN NaN
959.514 8636.36 48.7414 NaN NaN 20.8859 NaN 9.07805 21.2946 NaN NaN NaN NaN
961.534 8838.38 48.7392 NaN NaN 20.8818 NaN 9.04281 21.3361 NaN NaN NaN NaN
963.554 9040.40 46.1506 NaN NaN 22.4257 NaN 6.07237 24.6841 NaN 0.667308 NaN NaN
965.574 9242.42 41.3520 NaN NaN 25.2955 NaN 0.595412 30.8530 NaN 1.90404 NaN NaN
967.594 9444.44 40.5996 NaN NaN 25.5841 NaN NaN 31.7210 NaN 2.09534 NaN NaN
969.615 9646.46 40.3336 NaN NaN 25.5554 NaN NaN 31.9500 NaN 2.16095 NaN NaN
971.635 9848.48 40.0555 NaN NaN 25.5258 NaN NaN 32.1891 NaN 2.22959 NaN NaN
973.655 10050.5 39.7722 NaN NaN 25.4954 NaN NaN 32.4329 NaN 2.29952 NaN NaN
975.675 10252.5 39.4778 NaN NaN 25.4651 NaN NaN 32.6849 NaN 2.37219 NaN NaN
977.695 10454.5 39.1751 NaN NaN 25.4334 NaN NaN 32.9446 NaN 2.44693 NaN NaN
979.716 10656.6 38.8337 NaN NaN 25.3965 NaN NaN 33.2385 NaN 2.53140 NaN NaN
981.736 10858.6 38.5147 NaN NaN 25.3639 NaN NaN 33.5112 NaN 2.61017 NaN NaN
983.756 11060.6 38.1656 NaN NaN 25.3275 NaN NaN 33.8104 NaN 2.69647 NaN NaN
985.776 11262.6 37.8077 NaN NaN 25.2893 NaN NaN 34.1181 NaN 2.78498 NaN NaN
987.796 11464.6 37.4344 NaN NaN 25.2522 NaN NaN 34.4361 NaN 2.87729 NaN NaN
989.817 11666.7 37.0205 NaN NaN 25.2158 NaN NaN 34.7839 NaN 2.97975 NaN NaN
991.837 11868.7 36.6135 NaN NaN 25.1799 NaN NaN 35.1262 NaN 3.08045 NaN NaN
993.857 12070.7 36.1907 NaN NaN 25.1461 NaN NaN 35.4781 NaN 3.18503 NaN NaN
995.877 12272.7 35.7414 NaN NaN 25.1136 NaN NaN 35.8488 NaN 3.29620 NaN NaN
997.897 12474.7 32.4643 NaN NaN 27.7029 NaN NaN 34.9348 1.60308 3.29490 NaN NaN
999.918 12676.8 29.4727 NaN NaN 30.1332 NaN NaN 34.0645 3.00575 3.32388 NaN NaN
1001.94 12878.8 26.8006 NaN NaN 32.3120 NaN NaN 33.3064 4.20382 3.37716 NaN NaN
1003.96 13080.8 24.5132 NaN NaN 34.1787 NaN NaN 32.6944 5.15221 3.46144 NaN NaN
1005.98 13282.8 22.9946 NaN NaN 35.4117 NaN NaN 32.3762 5.61837 3.59914 NaN NaN
1008.00 13484.8 20.9801 NaN NaN 37.0649 NaN NaN 31.8830 6.34347 3.72855 NaN NaN
1010.02 13686.9 19.5497 NaN NaN 38.2177 NaN NaN 31.6508 6.66418 3.91771 NaN NaN
1012.04 13888.9 17.3418 NaN NaN 40.0734 NaN NaN 31.0508 7.49057 4.04346 NaN NaN
1014.06 14090.9 15.7055 NaN NaN 41.4233 NaN NaN 30.7406 7.88439 4.24623 NaN NaN
1016.08 14292.9 14.0690 NaN NaN 42.7663 NaN NaN 30.4706 8.21157 4.48253 NaN NaN
1018.10 14494.9 12.3607 NaN NaN 44.1663 NaN NaN 30.2143 8.50578 4.75294 NaN NaN
1020.12 14697.0 10.5587 NaN NaN 45.6340 NaN NaN 29.9758 8.77022 5.06128 NaN NaN
1022.14 14899.0 8.62216 NaN NaN 47.2013 NaN NaN 29.7518 9.00926 5.41538 NaN NaN
1024.16 15101.0 6.42816 NaN NaN 48.9524 NaN NaN 29.5541 9.21681 5.84855 NaN NaN
1026.18 15303.0 3.96317 NaN NaN 50.8843 NaN NaN 29.4014 9.38101 6.37008 NaN NaN
1028.20 15505.1 1.58187 NaN NaN 52.8154 NaN NaN 29.1547 9.61024 6.83782 NaN NaN
1030.22 15707.1 NaN NaN NaN 54.0385 NaN NaN 29.0787 9.70667 7.17611 NaN NaN
1032.24 15909.1 NaN NaN NaN 53.9616 NaN NaN 29.1777 9.66578 7.19497 NaN NaN
1034.26 16111.1 NaN NaN NaN 53.8833 NaN NaN 29.2726 9.63556 7.20855 NaN NaN
1036.28 16313.1 NaN NaN NaN 53.8007 NaN NaN 29.3806 9.58780 7.23085 NaN NaN
1038.30 16515.2 NaN NaN NaN 53.7187 NaN NaN 29.4802 9.55562 7.24544 NaN NaN
1040.32 16717.2 NaN NaN NaN 53.6354 NaN NaN 29.5844 9.51695 7.26325 NaN NaN
1042.34 16919.2 NaN NaN NaN 53.5452 NaN NaN 29.6975 9.47409 7.28319 NaN NaN
1044.36 17121.2 NaN NaN NaN 53.4567 NaN NaN 29.8087 9.43155 7.30296 NaN NaN
1046.38 17323.2 NaN NaN NaN 53.3783 NaN NaN 29.9078 9.39355 7.32039 NaN NaN
1048.40 17525.3 NaN NaN NaN 53.2896 NaN NaN 30.0195 9.35060 7.34036 NaN NaN
1050.42 17727.3 NaN NaN NaN 53.2033 NaN NaN 30.1279 9.30922 7.35954 NaN NaN
1052.44 17929.3 NaN NaN NaN 53.1179 NaN NaN 30.2356 9.26783 7.37870 NaN NaN
1054.46 18131.3 NaN NaN NaN 53.0301 NaN NaN 30.3478 9.22218 7.39999 NaN NaN
1056.48 18333.3 NaN NaN NaN 52.9392 NaN NaN 30.4634 9.17584 7.42164 NaN NaN
1058.50 18535.4 NaN NaN NaN 52.8511 NaN NaN 30.5706 9.14025 7.43797 NaN NaN
1060.52 18737.4 NaN NaN NaN 52.7495 NaN NaN 30.6994 9.08889 7.46218 NaN NaN
1062.54 18939.4 NaN NaN NaN 52.6619 NaN NaN 30.8105 9.04496 7.48261 NaN NaN
1064.56 19141.4 NaN NaN NaN 52.5612 NaN NaN 30.9349 9.00039 7.50346 NaN NaN
1066.58 19343.4 NaN NaN NaN 52.4840 NaN NaN 31.0315 8.96482 7.51968 NaN NaN
1068.60 19545.5 NaN NaN NaN 52.3990 NaN NaN 31.1377 8.92549 7.53783 NaN NaN
1070.62 19747.5 NaN NaN NaN 52.2899 NaN NaN 31.2742 8.87364 7.56231 NaN NaN
1072.64 19949.5 NaN NaN NaN 52.1912 NaN NaN 31.3980 8.82622 7.58453 NaN NaN
1074.67 20151.5 NaN NaN NaN 52.0942 NaN NaN 31.5225 8.77427 7.60898 NaN NaN
1076.69 20353.5 NaN NaN NaN 52.0039 NaN NaN 31.6304 8.74220 7.62357 NaN NaN
1078.71 20555.6 NaN NaN NaN 51.9050 NaN NaN 31.7588 8.68613 7.65004 NaN NaN
1080.73 20757.6 NaN NaN NaN 51.7997 NaN NaN 31.8889 8.63948 7.67193 NaN NaN
1082.75 20959.6 NaN NaN NaN 51.7040 NaN NaN 32.0124 8.58692 7.69664 NaN NaN
1084.77 21161.6 NaN NaN NaN 51.5998 NaN NaN 32.1390 8.54518 7.71610 NaN NaN
1086.79 21363.6 NaN NaN NaN 51.4988 NaN NaN 32.2671 8.49382 7.74025 NaN NaN
1088.81 21565.7 NaN NaN NaN 51.4005 NaN NaN 32.3921 8.44349 7.76388 NaN NaN
1090.83 21767.7 NaN NaN NaN 51.2969 NaN NaN 32.5205 8.39694 7.78568 NaN NaN
1092.85 21969.7 NaN NaN NaN 51.1940 NaN NaN 32.6497 8.34729 7.80899 NaN NaN
1094.87 22171.7 NaN NaN NaN 51.0807 NaN NaN 32.7882 8.29972 7.83136 NaN NaN
1096.89 22373.7 NaN NaN NaN 50.9792 NaN NaN 32.9151 8.25185 7.85378 NaN NaN
1098.91 22575.8 NaN NaN NaN 50.8747 NaN NaN 33.0460 8.20225 7.87707 NaN NaN
1100.93 22777.8 NaN NaN NaN 50.7697 NaN NaN 33.1771 8.15312 7.90013 NaN NaN
1102.95 22979.8 NaN NaN NaN 50.6645 NaN NaN 33.3085 8.10367 7.92335 NaN NaN
1104.97 23181.8 NaN NaN NaN 50.5629 NaN NaN 33.4362 8.05463 7.94632 NaN NaN
1106.99 23383.8 NaN NaN NaN 50.4492 NaN NaN 33.5776 8.00207 7.97112 NaN NaN
1109.01 23585.9 NaN NaN NaN 50.3345 NaN NaN 33.7211 7.94751 7.99689 NaN NaN
1111.03 23787.9 NaN NaN NaN 50.2247 NaN NaN 33.8594 7.89350 8.02236 NaN NaN
1113.05 23989.9 NaN NaN NaN 50.1146 NaN NaN 33.9983 7.83906 8.04802 NaN NaN
1115.07 24191.9 NaN NaN NaN 50.0036 NaN NaN 34.1339 7.79274 8.06972 NaN NaN
1117.09 24393.9 NaN NaN NaN 49.8894 NaN NaN 34.2781 7.73582 8.09662 NaN NaN
1119.11 24596.0 NaN NaN NaN 49.7200 NaN NaN 34.4853 7.66288 8.13180 NaN NaN
1121.13 24798.0 NaN NaN NaN 49.6644 NaN NaN 34.5570 7.63413 8.14444 NaN NaN
1123.15 25000.0 NaN NaN NaN 49.5468 NaN NaN 34.7040 7.57859 8.17068 NaN NaN
