|6.6.6
xu_2008_pyrolite_1.tab
1
T(K)
200.00000000000011
200.00000000000011
1613663168
11
T(K)           P(bar)         O              Pl             Cpx            Opx            ky             Gt             C2/c           Ring           Sp
923.150        5000.00        63.5016        13.8670        3.93725        18.6942                 NaN            NaN            NaN            NaN            NaN
925.170        5252.53        63.4861        13.8126        3.97405        18.7273                 NaN            NaN            NaN            NaN            NaN
927.190        5505.05        63.4684        13.7520        4.01524        18.7644                 NaN            NaN            NaN            NaN            NaN
929.211        5757.58        63.4520        13.6951        4.05363        18.7992                 NaN            NaN            NaN            NaN            NaN
931.231        6010.10        63.4315        13.6256        4.10101        18.8419                 NaN            NaN            NaN            NaN            NaN
933.251        6262.63        63.4142        13.5663        4.14106        18.8785                 NaN            NaN            NaN            NaN            NaN
935.271        6515.15        63.3933        13.4961        4.18911        18.9215                 NaN            NaN            NaN            NaN            NaN
937.291        6767.68        61.2180        10.5213        6.25895        20.9238                 NaN            NaN            NaN            NaN   1.07803
939.312        7020.20        53.5097                 NaN   13.5850        28.0055                 NaN            NaN            NaN            NaN   4.89978
941.332        7272.73        53.5163                 NaN   13.5866        28.0021                 NaN            NaN            NaN            NaN   4.89501
943.352        7525.25        53.5229                 NaN   13.5880        27.9990                 NaN            NaN            NaN            NaN   4.89010
945.372        7777.78        53.5283                 NaN   13.5896        27.9958                 NaN            NaN            NaN            NaN   4.88627
947.392        8030.30        53.5352                 NaN   13.5913        27.9923                 NaN            NaN            NaN            NaN   4.88123
949.413        8282.83        53.5412                 NaN   13.5928        27.9892                 NaN            NaN            NaN            NaN   4.87687
951.433        8535.35        53.5480                 NaN   13.5943        27.9859                 NaN            NaN            NaN            NaN   4.87176
953.453        8787.88        53.5547                 NaN   13.5960        27.9825                 NaN            NaN            NaN            NaN   4.86683
955.473        9040.40        53.5613                 NaN   13.5978        27.9791                 NaN            NaN            NaN            NaN   4.86191
957.493        9292.93        53.5667                 NaN   13.5993        27.9759                 NaN            NaN            NaN            NaN   4.85812
959.514        9545.45        53.5737                 NaN   13.6007        27.9727                 NaN            NaN            NaN            NaN   4.85289
961.534        9797.98        53.5796                 NaN   13.6026        27.9692                 NaN            NaN            NaN            NaN   4.84861
963.554        10050.5        53.5862                 NaN   13.6043        27.9658                 NaN            NaN            NaN            NaN   4.84374
965.574        10303.0        53.5926                 NaN   13.6059        27.9625                 NaN            NaN            NaN            NaN   4.83898
967.594        10555.6        53.5991                 NaN   13.6076        27.9592                 NaN            NaN            NaN            NaN   4.83419
969.615        10808.1        53.6059                 NaN   13.6094        27.9557                 NaN            NaN            NaN            NaN   4.82905
971.635        11060.6        53.6123                 NaN   13.6110        27.9524                 NaN            NaN            NaN            NaN   4.82427
973.655        11313.1        53.6187                 NaN   13.6127        27.9490                 NaN            NaN            NaN            NaN   4.81950
975.675        11565.7        53.6254                 NaN   13.6145        27.9456                 NaN            NaN            NaN            NaN   4.81453
977.695        11818.2        53.6328                 NaN   13.6162        27.9421                 NaN            NaN            NaN            NaN   4.80890
979.716        12070.7        53.6394                 NaN   13.6180        27.9387                 NaN            NaN            NaN            NaN   4.80388
981.736        12323.2        58.5007                 NaN   11.3769        17.0360                 NaN   12.2518                 NaN            NaN  0.834627
983.756        12575.8        59.5237                 NaN   10.9251        14.7070                 NaN   14.8443                 NaN            NaN            NaN
985.776        12828.3        59.5248                 NaN   10.9273        14.6834                 NaN   14.8646                 NaN            NaN            NaN
987.796        13080.8        59.5259                 NaN   10.9304        14.6599                 NaN   14.8839                 NaN            NaN            NaN
989.817        13333.3        59.5269                 NaN   10.9336        14.6390                 NaN   14.9005                 NaN            NaN            NaN
991.837        13585.9        59.5275                 NaN   10.9388        14.6233                 NaN   14.9104                 NaN            NaN            NaN
993.857        13838.4        59.5287                 NaN   10.9402        14.5983                 NaN   14.9328                 NaN            NaN            NaN
995.877        14090.9        59.5298                 NaN   10.9428        14.5761                 NaN   14.9513                 NaN            NaN            NaN
997.897        14343.4        59.5308                 NaN   10.9467        14.5537                 NaN   14.9688                 NaN            NaN            NaN
999.918        14596.0        59.5317                 NaN   10.9487        14.5332                 NaN   14.9864                 NaN            NaN            NaN
1001.94        14848.5        59.5327                 NaN   10.9528        14.5123                 NaN   15.0022                 NaN            NaN            NaN
1003.96        15101.0        59.5336                 NaN   10.9550        14.4933                 NaN   15.0181                 NaN            NaN            NaN
1005.98        15353.5        59.5346                 NaN   10.9570        14.4709                 NaN   15.0375                 NaN            NaN            NaN
1008.00        15606.1        59.5355                 NaN   10.9603        14.4511                 NaN   15.0530                 NaN            NaN            NaN
1010.02        15858.6        59.5364                 NaN   10.9635        14.4323                 NaN   15.0678                 NaN            NaN            NaN
1012.04        16111.1        59.5372                 NaN   10.9664        14.4140                 NaN   15.0824                 NaN            NaN            NaN
1014.06        16363.6        59.5378                 NaN   10.9708        14.4002                 NaN   15.0913                 NaN            NaN            NaN
1016.08        16616.2        59.5388                 NaN   10.9742        14.3784                 NaN   15.1086                 NaN            NaN            NaN
1018.10        16868.7        59.5394                 NaN   10.9762        14.3654                 NaN   15.1190                 NaN            NaN            NaN
1020.12        17121.2        59.5403                 NaN   10.9784        14.3455                 NaN   15.1358                 NaN            NaN            NaN
1022.14        17373.7        59.5411                 NaN   10.9814        14.3276                 NaN   15.1499                 NaN            NaN            NaN
1024.16        17626.3        59.5419                 NaN   10.9848        14.3104                 NaN   15.1629                 NaN            NaN            NaN
1026.18        17878.8        59.5426                 NaN   10.9887        14.2933                 NaN   15.1754                 NaN            NaN            NaN
1028.20        18131.3        59.5433                 NaN   10.9922        14.2770                 NaN   15.1875                 NaN            NaN            NaN
1030.22        18383.8        59.5440                 NaN   10.9948        14.2618                 NaN   15.1994                 NaN            NaN            NaN
1032.24        18636.4        59.5447                 NaN   10.9983        14.2463                 NaN   15.2107                 NaN            NaN            NaN
1034.26        18888.9        59.5453                 NaN   11.0023        14.2302                 NaN   15.2221                 NaN            NaN            NaN
1036.28        19141.4        59.5460                 NaN   11.0056        14.2155                 NaN   15.2329                 NaN            NaN            NaN
1038.30        19393.9        59.5466                 NaN   11.0082        14.2012                 NaN   15.2441                 NaN            NaN            NaN
1040.32        19646.5        59.5473                 NaN   11.0114        14.1858                 NaN   15.2555                 NaN            NaN            NaN
1042.34        19899.0        59.5476                 NaN   11.0161        14.1756                 NaN   15.2607                 NaN            NaN            NaN
1044.36        20151.5        59.5485                 NaN   11.0176        14.1576                 NaN   15.2763                 NaN            NaN            NaN
1046.38        20404.0        59.5491                 NaN   11.0218        14.1429                 NaN   15.2862                 NaN            NaN            NaN
1048.40        20656.6        59.5497                 NaN   11.0241        14.1298                 NaN   15.2964                 NaN            NaN            NaN
1050.42        20909.1        59.5502                 NaN   11.0268        14.1167                 NaN   15.3063                 NaN            NaN            NaN
1052.44        21161.6        59.5508                 NaN   11.0315        14.1021                 NaN   15.3155                 NaN            NaN            NaN
1054.46        21414.1        59.5513                 NaN   11.0358        14.0879                 NaN   15.3250                 NaN            NaN            NaN
1056.48        21666.7        59.5519                 NaN   11.0397        14.0743                 NaN   15.3341                 NaN            NaN            NaN
1058.50        21919.2        59.5524                 NaN   11.0420        14.0625                 NaN   15.3431                 NaN            NaN            NaN
1060.52        22171.7        59.5528                 NaN   11.0449        14.0523                 NaN   15.3500                 NaN            NaN            NaN
1062.54        22424.2        59.5533                 NaN   11.0484        14.0399                 NaN   15.3583                 NaN            NaN            NaN
1064.56        22676.8        59.5539                 NaN   11.0521        14.0260                 NaN   15.3680                 NaN            NaN            NaN
1066.58        22929.3        59.5544                 NaN   11.0541        14.0135                 NaN   15.3780                 NaN            NaN            NaN
1068.60        23181.8        59.5549                 NaN   11.0571        14.0016                 NaN   15.3864                 NaN            NaN            NaN
1070.62        23434.3        59.5554                 NaN   11.0608        13.9894                 NaN   15.3945                 NaN            NaN            NaN
1072.64        23686.9        59.5559                 NaN   11.0647        13.9771                 NaN   15.4024                 NaN            NaN            NaN
1074.67        23939.4        59.5563                 NaN   11.0687        13.9647                 NaN   15.4103                 NaN            NaN            NaN
1076.69        24191.9        59.5568                 NaN   11.0711        13.9540                 NaN   15.4181                 NaN            NaN            NaN
1078.71        24444.4        59.5572                 NaN   11.0739        13.9432                 NaN   15.4257                 NaN            NaN            NaN
1080.73        24697.0        59.5576                 NaN   11.0781        13.9311                 NaN   15.4331                 NaN            NaN            NaN
1082.75        24949.5        59.5580                 NaN   11.0820        13.9207                 NaN   15.4392                 NaN            NaN            NaN
1084.77        25202.0        59.5584                 NaN   11.0849        13.9101                 NaN   15.4466                 NaN            NaN            NaN
1086.79        25454.5        59.5589                 NaN   11.0884        13.8982                 NaN   15.4545                 NaN            NaN            NaN
1088.81        25707.1        59.5593                 NaN   11.0943        13.8861                 NaN   15.4603                 NaN            NaN            NaN
1090.83        25959.6        59.5596                 NaN   11.0959        13.8781                 NaN   15.4663                 NaN            NaN            NaN
1092.85        26212.1        59.5600                 NaN   11.1002        13.8667                 NaN   15.4731                 NaN            NaN            NaN
1094.87        26464.6        59.5605                 NaN   11.1026        13.8546                 NaN   15.4823                 NaN            NaN            NaN
1096.89        26717.2        59.5609                 NaN   11.1049        13.8452                 NaN   15.4891                 NaN            NaN            NaN
1098.91        26969.7        59.5612                 NaN   11.1103        13.8344                 NaN   15.4941                 NaN            NaN            NaN
1100.93        27222.2        59.5616                 NaN   11.1125        13.8244                 NaN   15.5015                 NaN            NaN            NaN
1102.95        27474.7        59.5620                 NaN   11.1161        13.8137                 NaN   15.5082                 NaN            NaN            NaN
1104.97        27727.3        59.5622                 NaN   11.1190        13.8072                 NaN   15.5116                 NaN            NaN            NaN
1106.99        27979.8        59.5627                 NaN   11.1224        13.7948                 NaN   15.5201                 NaN            NaN            NaN
1109.01        28232.3        59.5630                 NaN   11.1257        13.7847                 NaN   15.5265                 NaN            NaN            NaN
1111.03        28484.8        59.5634                 NaN   11.1295        13.7745                 NaN   15.5326                 NaN            NaN            NaN
1113.05        28737.4        59.5637                 NaN   11.1324        13.7653                 NaN   15.5386                 NaN            NaN            NaN
1115.07        28989.9        59.5640                 NaN   11.1361        13.7556                 NaN   15.5443                 NaN            NaN            NaN
1117.09        29242.4        59.5644                 NaN   11.1393        13.7462                 NaN   15.5501                 NaN            NaN            NaN
1119.11        29494.9        59.5647                 NaN   11.1431        13.7364                 NaN   15.5559                 NaN            NaN            NaN
1121.13        29747.5        59.5650                 NaN   11.1463        13.7274                 NaN   15.5614                 NaN            NaN            NaN
1123.15        30000.0        59.5653                 NaN   11.1495        13.7182                 NaN   15.5670                 NaN            NaN            NaN
